 -4.00000000e+000 8.14458668e+001
 -3.75000000e+000 5.01040708e+001
 -3.50000000e+000 3.09946573e+001
 -3.25000000e+000 2.11186599e+001
 -3.00000000e+000 1.09611251e+001
 -2.75000000e+000 -3.52587063e+000
 -2.50000000e+000 7.76314428e-001
 -2.25000000e+000 -7.05458830e+000
 -2.00000000e+000 -8.61588929e+000
 -1.75000000e+000 2.61774580e+000
 -1.50000000e+000 4.18100507e+000
 -1.25000000e+000 -4.39011610e+000
 -1.00000000e+000 3.79762382e+000
 -7.50000000e-001 -6.76563660e-001
 -5.00000000e-001 1.57518741e+001
 -2.50000000e-001 1.60658225e+001
 0.00000000e+000 1.70017253e+001
 2.50000000e-001 2.07700636e+001
 5.00000000e-001 1.56070136e+001
 7.50000000e-001 2.18345749e+001
 1.00000000e+000 1.05591814e+001
 1.25000000e+000 1.56384965e+001
 1.50000000e+000 3.00897546e+001
 1.75000000e+000 1.89071294e+001
 2.00000000e+000 4.33259645e+001
